beta2 = -0.1549;
beta3 = -beta2/10;
alpha1 = 4.9;
F = 2.5655;

